,character_id,episode_id
0,1,1
1,1,2
2,1,3
3,1,4
4,1,5
5,1,6
6,1,7
7,1,8
8,1,9
9,1,10
10,1,11
11,1,12
12,1,13
13,1,14
14,1,15
15,1,16
16,1,17
17,1,18
18,1,19
19,1,20
20,1,21
21,1,22
22,1,23
23,1,24
24,1,25
25,1,26
26,1,27
27,1,28
28,1,29
29,1,30
30,1,31
31,1,32
32,1,33
33,1,34
34,1,35
35,1,36
36,1,37
37,1,38
38,1,39
39,1,40
40,1,41
41,2,1
42,2,2
43,2,3
44,2,4
45,2,5
46,2,6
47,2,7
48,2,8
49,2,9
50,2,10
51,2,11
52,2,12
53,2,13
54,2,14
55,2,15
56,2,16
57,2,17
58,2,18
59,2,19
60,2,20
61,2,21
62,2,22
63,2,23
64,2,24
65,2,25
66,2,26
67,2,27
68,2,28
69,2,29
70,2,30
71,2,31
72,2,32
73,2,33
74,2,34
75,2,35
76,2,36
77,2,37
78,2,38
79,2,39
80,2,40
81,2,41
82,3,6
83,3,7
84,3,8
85,3,9
86,3,10
87,3,11
88,3,12
89,3,14
90,3,15
91,3,16
92,3,17
93,3,18
94,3,19
95,3,20
96,3,21
97,3,22
98,3,23
99,3,24
100,3,25
101,3,26
102,3,27
103,3,29
104,3,30
105,3,31
106,3,32
107,3,33
108,3,34
109,3,35
110,3,36
111,3,38
112,3,39
113,3,40
114,3,41
115,4,6
116,4,7
117,4,8
118,4,9
119,4,10
120,4,11
121,4,12
122,4,14
123,4,15
124,4,16
125,4,18
126,4,19
127,4,20
128,4,21
129,4,22
130,4,23
131,4,24
132,4,25
133,4,26
134,4,27
135,4,28
136,4,29
137,4,30
138,4,31
139,4,32
140,4,33
141,4,34
142,4,35
143,4,36
144,4,38
145,4,39
146,4,40
147,4,41
148,5,6
149,5,7
150,5,8
151,5,9
152,5,10
153,5,11
154,5,12
155,5,13
156,5,14
157,5,15
158,5,16
159,5,18
160,5,19
161,5,20
162,5,21
163,5,22
164,5,23
165,5,26
166,5,29
167,5,30
168,5,31
169,5,32
170,5,33
171,5,35
172,5,36
173,5,38
174,5,39
175,5,40
176,5,41
177,6,27
178,7,10
179,7,11
180,8,28
181,9,24
182,10,25
183,11,12
184,12,3
185,13,31
186,14,10
187,15,10
188,16,15
189,17,3
190,18,10
191,18,28
192,19,10
193,20,8
194,21,10
195,21,22
196,22,10
197,22,22
198,22,28
199,23,13
200,23,19
201,23,21
202,23,25
203,23,26
204,24,16
205,25,23
206,26,20
207,27,10
208,27,28
209,28,8
210,28,13
211,28,17
212,29,8
213,30,31
214,31,15
215,32,15
216,33,29
217,34,8
218,34,13
219,34,17
220,35,1
221,35,11
222,35,19
223,35,25
224,36,14
225,37,8
226,38,1
227,38,2
228,38,3
229,38,4
230,38,5
231,38,6
232,38,22
233,39,10
234,40,18
235,41,5
236,42,22
237,43,28
238,44,28
239,45,3
240,46,2
241,47,11
242,47,16
243,47,21
244,47,22
245,47,26
246,48,22
247,48,28
248,49,19
249,50,14
250,51,19
251,52,23
252,53,10
253,54,8
254,55,18
255,55,21
256,56,28
257,57,22
258,58,6
259,58,11
260,58,30
261,59,7
262,60,25
263,61,28
264,62,1
265,63,2
266,64,12
267,65,17
268,66,18
269,67,29
270,68,23
271,69,22
272,70,24
273,71,22
274,72,28
275,73,28
276,74,28
277,75,21
278,76,15
279,77,10
280,78,10
281,78,28
282,79,10
283,80,2
284,81,25
285,82,6
286,82,10
287,83,6
288,83,10
289,84,10
290,85,10
291,85,28
292,86,10
293,86,22
294,86,28
295,87,4
296,88,8
297,88,9
298,88,11
299,88,25
300,89,5
301,90,14
302,91,8
303,92,1
304,92,6
305,93,25
306,94,22
307,95,22
308,96,3
309,97,3
310,98,3
311,99,3
312,100,3
313,101,3
314,102,21
315,103,10
316,103,22
317,104,25
318,105,19
319,106,13
320,107,24
321,107,41
322,108,3
323,109,15
324,110,23
325,111,23
326,112,3
327,113,10
328,114,3
329,115,16
330,115,26
331,116,5
332,117,5
333,118,10
334,118,28
335,119,10
336,120,5
337,121,19
338,122,13
339,123,28
340,124,16
341,124,27
342,125,18
343,125,21
344,125,25
345,126,19
346,127,1
347,128,15
348,129,8
349,129,13
350,129,17
351,130,21
352,131,13
353,131,18
354,131,21
355,132,18
356,133,13
357,133,19
358,133,21
359,134,8
360,135,28
361,136,8
362,136,13
363,137,26
364,138,16
365,139,20
366,140,23
367,141,15
368,142,26
369,143,28
370,144,1
371,145,8
372,146,18
373,147,29
374,148,18
375,149,29
376,150,22
377,151,7
378,152,10
379,152,22
380,153,8
381,153,19
382,154,15
383,155,6
384,156,23
385,157,8
386,158,1
387,159,17
388,160,17
389,161,16
390,162,16
391,163,18
392,164,10
393,165,28
394,166,31
395,167,24
396,168,7
397,169,3
398,169,15
399,170,27
400,171,24
401,172,16
402,173,19
403,174,13
404,175,1
405,175,2
406,175,3
407,175,4
408,175,5
409,175,6
410,175,22
411,176,8
412,177,10
413,178,18
414,179,1
415,179,4
416,179,6
417,180,11
418,180,13
419,180,17
420,180,18
421,180,26
422,180,27
423,180,28
424,180,29
425,180,30
426,180,32
427,180,39
428,181,1
429,181,4
430,181,6
431,181,11
432,181,17
433,181,18
434,181,25
435,181,27
436,182,16
437,183,8
438,184,8
439,185,30
440,186,3
441,187,28
442,188,14
443,189,24
444,190,30
445,191,4
446,192,9
447,193,5
448,194,21
449,195,8
450,196,13
451,197,17
452,198,25
453,199,16
454,199,19
455,199,21
456,200,22
457,201,3
458,202,20
459,203,21
460,204,26
461,205,19
462,206,28
463,207,8
464,207,13
465,207,17
466,208,25
467,209,10
468,210,11
469,211,7
470,212,16
471,213,16
472,214,8
473,215,10
474,215,22
475,216,6
476,216,11
477,216,25
478,217,23
479,218,23
480,219,23
481,220,28
482,221,2
483,222,8
484,223,19
485,224,19
486,225,19
487,226,25
488,227,27
489,228,23
490,229,28
491,230,7
492,231,22
493,232,10
494,233,28
495,234,6
496,235,28
497,236,15
498,237,12
499,238,5
500,239,1
501,239,2
502,239,4
503,239,6
504,240,9
505,240,16
506,240,17
507,240,18
508,240,21
509,240,22
510,240,24
511,240,27
512,240,30
513,240,39
514,241,4
515,241,16
516,242,5
517,242,10
518,242,13
519,242,29
520,242,32
521,243,9
522,244,15
523,244,21
524,244,29
525,244,30
526,244,31
527,244,34
528,245,30
529,246,2
530,246,27
531,247,31
532,248,15
533,249,1
534,249,6
535,249,14
536,249,30
537,250,8
538,251,6
539,251,9
540,251,11
541,251,25
542,251,29
543,251,36
544,252,25
545,253,16
546,254,19
547,255,16
548,256,21
549,257,13
550,258,7
551,259,15
552,260,19
553,261,21
554,262,15
555,263,19
556,264,19
557,265,24
558,266,8
559,266,17
560,267,28
561,268,3
562,269,31
563,270,4
564,271,1
565,271,5
566,271,6
567,272,9
568,272,16
569,272,18
570,272,24
571,272,27
572,272,29
573,273,20
574,274,10
575,274,22
576,275,19
577,276,24
578,277,8
579,278,28
580,279,8
581,280,15
582,281,28
583,282,11
584,282,13
585,282,25
586,283,28
587,284,28
588,285,10
589,285,22
590,286,22
591,287,28
592,288,28
593,289,28
594,290,10
595,291,28
596,292,28
597,293,6
598,294,10
599,294,22
600,295,10
601,295,11
602,295,22
603,296,26
604,297,26
605,298,10
606,299,10
607,300,3
608,301,14
609,302,3
610,303,5
611,304,2
612,305,2
613,306,2
614,307,9
615,308,11
616,308,21
617,309,13
618,309,16
619,309,21
620,309,25
621,310,18
622,311,13
623,311,21
624,311,25
625,312,19
626,313,12
627,313,36
628,314,8
629,315,8
630,316,8
631,317,8
632,318,8
633,319,26
634,320,26
635,321,19
636,322,28
637,323,23
638,324,15
639,325,28
640,326,5
641,326,11
642,327,11
643,328,28
644,329,2
645,329,7
646,329,10
647,329,15
648,329,16
649,329,24
650,329,29
651,329,30
652,330,10
653,330,22
654,331,11
655,331,16
656,331,21
657,332,27
658,333,5
659,333,11
660,333,25
661,334,19
662,335,31
663,336,14
664,337,4
665,338,1
666,338,2
667,338,3
668,338,4
669,338,5
670,338,6
671,338,22
672,339,10
673,340,25
674,341,20
675,342,23
676,343,5
677,343,6
678,344,11
679,344,16
680,344,21
681,344,22
682,344,41
683,345,28
684,346,16
685,347,16
686,347,31
687,348,17
688,349,10
689,350,30
690,351,8
691,352,15
692,353,18
693,354,18
694,355,14
695,356,3
696,357,30
697,358,8
698,358,18
699,358,21
700,359,10
701,360,27
702,361,27
703,362,11
704,362,13
705,362,19
706,362,21
707,362,25
708,363,30
709,364,17
710,365,26
711,365,27
712,365,36
713,365,38
714,366,28
715,367,8
716,367,28
717,368,29
718,369,26
719,370,8
720,371,19
721,372,14
722,373,8
723,374,18
724,375,25
725,376,7
726,377,29
727,378,22
728,379,21
729,380,22
730,381,10
731,382,25
732,383,19
733,384,19
734,385,22
735,386,13
736,386,18
737,387,18
738,388,17
739,389,10
740,389,11
741,389,22
742,390,29
743,391,15
744,392,28
745,393,13
746,394,1
747,394,6
748,395,1
749,395,11
750,395,16
751,395,25
752,396,2
753,397,2
754,398,2
755,399,5
756,400,5
757,401,7
758,402,8
759,403,8
760,404,8
761,405,2
762,405,8
763,405,10
764,405,11
765,406,8
766,407,8
767,408,8
768,409,8
769,410,8
770,411,8
771,412,8
772,413,8
773,414,8
774,415,8
775,416,8
776,417,8
777,418,8
778,419,9
779,420,9
780,421,9
781,422,9
782,423,11
783,424,10
784,425,10
785,426,10
786,427,10
787,428,10
788,429,10
789,430,10
790,431,10
791,432,10
792,433,10
793,434,10
794,435,1
795,435,11
796,435,19
797,435,25
798,436,11
799,436,13
800,437,12
801,438,12
802,439,12
803,440,12
804,441,13
805,442,13
806,443,13
807,444,13
808,445,13
809,446,13
810,447,13
811,448,13
812,449,13
813,450,13
814,451,13
815,452,16
816,453,18
817,454,16
818,454,19
819,454,21
820,455,19
821,456,19
822,457,19
823,458,19
824,459,19
825,460,19
826,461,22
827,462,22
828,463,22
829,464,22
830,465,22
831,466,22
832,467,26
833,468,26
834,469,26
835,470,27
836,471,27
837,472,28
838,473,28
839,474,28
840,475,28
841,476,28
842,477,28
843,478,28
844,479,28
845,480,28
846,481,28
847,482,28
848,483,28
849,484,28
850,485,28
851,486,28
852,487,28
853,488,28
854,489,28
855,490,29
856,491,29
857,492,30
858,493,31
859,494,32
860,495,32
861,496,32
862,497,32
863,498,32
864,499,32
865,500,32
866,501,32
867,502,32
868,503,32
869,504,32
870,505,32
871,506,32
872,507,32
873,508,32
874,509,32
875,510,32
876,511,32
877,512,32
878,513,32
879,514,32
880,515,32
881,516,32
882,517,32
883,518,32
884,519,32
885,520,32
886,521,32
887,522,32
888,523,32
889,524,32
890,525,33
891,526,33
892,527,33
893,528,33
894,529,33
895,530,33
896,531,33
897,532,33
898,533,33
899,534,33
900,535,33
901,536,33
902,537,33
903,538,33
904,539,33
905,540,33
906,541,33
907,542,33
908,543,33
909,544,34
910,545,34
911,546,34
912,547,34
913,548,34
914,549,34
915,550,34
916,551,34
917,552,34
918,553,34
919,554,34
920,555,34
921,556,34
922,557,34
923,558,34
924,559,34
925,560,34
926,561,34
927,562,35
928,563,35
929,564,35
930,565,35
931,566,35
932,567,35
933,568,35
934,569,35
935,570,35
936,571,36
937,572,36
938,573,36
939,574,36
940,575,36
941,576,36
942,577,36
943,578,36
944,579,36
945,580,36
946,581,36
947,582,36
948,583,36
949,584,36
950,585,36
951,586,36
952,587,36
953,588,36
954,589,36
955,590,36
956,591,36
957,592,22
958,592,41
959,593,37
960,594,37
961,595,37
962,596,37
963,597,37
964,598,37
965,599,37
966,600,37
967,601,37
968,602,37
969,603,37
970,604,37
971,605,37
972,606,37
973,607,37
974,608,37
975,609,37
976,610,37
977,611,37
978,612,37
979,613,37
980,614,37
981,615,37
982,616,37
983,617,37
984,618,37
985,619,37
986,620,37
987,621,37
988,622,37
989,623,37
990,624,37
991,625,37
992,626,37
993,627,37
994,628,37
995,629,37
996,630,37
997,631,37
998,632,37
999,633,37
1000,634,37
1001,635,37
1002,636,37
1003,637,37
1004,638,37
1005,639,37
1006,640,38
1007,641,38
1008,642,38
1009,643,38
1010,644,38
1011,645,38
1012,646,38
1013,647,38
1014,648,39
1015,649,39
1016,650,39
1017,651,39
1018,652,39
1019,653,39
1020,654,39
1021,655,39
1022,656,39
1023,657,39
1024,658,39
1025,659,39
1026,660,39
1027,661,39
1028,662,40
1029,663,40
1030,664,40
1031,665,40
1032,666,40
1033,667,41
1034,668,41
1035,669,41
1036,670,41
1037,671,41
